function eng = engine_params()
% 发动机参数定义 - 基于丰田普锐斯1NZ-FXE型发动机级别数据
% Engine Parameters - Based on Toyota Prius 1NZ-FXE class data

%% 基本发动机参数
eng.P_max       = 57000;    % 最大功率 [W]
eng.T_max       = 115;      % 最大扭矩 [N·m]
eng.speed_idle  = 700;      % 怠速转速 [rpm]
eng.speed_min   = 700;      % 最低工作转速 [rpm]
eng.speed_max   = 5500;     % 最高工作转速 [rpm]

%% 燃油参数
eng.fuel_lhv    = 44e6;     % 汽油低热值 [J/kg]
eng.fuel_density= 750;      % 汽油密度 [g/L]（用于单位换算）

%% 发动机万有特性MAP数据
% 转速网格 [rpm]
eng.speed_map = [700, 1000, 1500, 2000, 2500, 3000, 3500, 4000, 4500, 5000, 5500];

% 扭矩网格 [N·m]
eng.torque_map = [0, 10, 20, 30, 40, 50, 60, 70, 80, 90, 100, 110, 115];

% 发动机燃油消耗率MAP [g/kWh] - 基于典型汽油机特性（行列分别对应转速和扭矩）
% 行：转速（从低到高），列：扭矩（从低到高）
eng.bsfc_map = [
    % 0    10    20    30    40    50    60    70    80    90   100   110   115  [N·m]
    450,  420,  390,  380,  370,  365,  360,  358,  360,  365,  370,  380,  390;  % 700 rpm
    400,  370,  340,  320,  308,  300,  295,  292,  295,  300,  308,  318,  325;  % 1000 rpm
    350,  310,  280,  265,  258,  252,  248,  245,  248,  252,  260,  270,  278;  % 1500 rpm
    320,  285,  260,  245,  238,  232,  228,  225,  228,  232,  238,  248,  255;  % 2000 rpm
    310,  275,  252,  238,  230,  225,  221,  219,  221,  225,  232,  242,  250;  % 2500 rpm
    305,  270,  248,  235,  228,  222,  218,  216,  218,  222,  230,  240,  248;  % 3000 rpm
    310,  275,  252,  238,  230,  225,  221,  219,  221,  226,  234,  244,  252;  % 3500 rpm
    318,  282,  258,  244,  236,  231,  227,  225,  227,  232,  240,  250,  258;  % 4000 rpm
    330,  294,  270,  255,  247,  242,  238,  236,  238,  244,  252,  262,  270;  % 4500 rpm
    345,  308,  283,  268,  260,  255,  251,  249,  251,  257,  265,  275,  285;  % 5000 rpm
    365,  328,  303,  288,  280,  275,  271,  269,  271,  277,  285,  296,  308;  % 5500 rpm
];

%% 最大扭矩曲线（外特性）[N·m] - 对应各转速点
eng.T_max_curve = [90, 100, 110, 115, 115, 115, 112, 108, 102, 95, 85];

%% 发动机启停控制阈值（基准值，可在单因素分析中改变）
eng.soc_start   = 0.40;     % SOC低于此值时发动机启动
eng.soc_stop    = 0.70;     % SOC高于此值时发动机停止
eng.T_start_th  = 30;       % 需求扭矩高于此值时启动发动机 [N·m]

%% 发动机最优工作区间（效率最高区域）
eng.speed_opt_min = 1500;   % 最优转速下限 [rpm]
eng.speed_opt_max = 3000;   % 最优转速上限 [rpm]
eng.torque_opt_min= 40;     % 最优扭矩下限 [N·m]
eng.torque_opt_max= 90;     % 最优扭矩上限 [N·m]

end
