function ep = engine_params()
% 发动机参数定义
% 基于典型1.8L自然吸气汽油发动机（NA，参考丰田1ZZ-FE级别）

ep.P_max      = 73000;     % 最大功率 [W]（73 kW）
ep.T_max      = 142;       % 最大转矩 [N·m]
ep.n_idle     = 750;       % 怠速转速 [rpm]
ep.n_max      = 5500;      % 最高转速 [rpm]
ep.n_rated    = 4500;      % 额定功率转速 [rpm]
ep.n_torque   = 4000;      % 最大转矩转速 [rpm]（近似）

% 油耗相关
ep.rho_fuel   = 750;       % 汽油密度 [g/L]
ep.H_fuel     = 44000;     % 汽油低热值 [kJ/kg]（44 MJ/kg）

% 发动机最优工作区间（转速 rpm，转矩 N·m）
ep.n_opt_low  = 1500;
ep.n_opt_high = 3500;
ep.T_opt_low  = 50;
ep.T_opt_high = 120;

% 启停 SOC 阈值（规则策略使用）
ep.soc_start  = 0.4;       % SOC低于此值强制启动发动机
ep.soc_stop   = 0.7;       % SOC高于此值允许停止发动机
ep.P_start    = 15000;     % 功率需求高于此值强制启动发动机 [W]

% 发动机 BSFC MAP（制动比油耗，g/kWh）
% 转速节点 [rpm]
ep.bsfc_n = [800, 1000, 1200, 1500, 2000, 2500, 3000, 3500, 4000, 4500, 5000, 5500];
% 转矩节点 [N·m]
ep.bsfc_T = [10, 20, 30, 40, 50, 60, 70, 80, 90, 100, 110, 120, 130, 142];
% BSFC MAP [g/kWh]，行→转矩，列→转速
ep.bsfc_map = [
    450, 430, 410, 390, 370, 360, 355, 355, 360, 370, 390, 420;  % T=10
    400, 380, 360, 340, 320, 310, 305, 305, 310, 320, 340, 370;  % T=20
    360, 340, 320, 300, 280, 270, 265, 265, 270, 280, 300, 330;  % T=30
    330, 310, 295, 275, 258, 248, 242, 242, 248, 258, 278, 305;  % T=40
    310, 292, 278, 258, 240, 230, 224, 224, 230, 240, 260, 288;  % T=50
    295, 278, 264, 244, 226, 216, 210, 210, 216, 226, 246, 272;  % T=60
    285, 268, 254, 234, 216, 206, 200, 200, 206, 216, 236, 262;  % T=70
    278, 262, 248, 228, 210, 200, 194, 194, 200, 210, 230, 256;  % T=80
    274, 258, 244, 224, 207, 197, 191, 191, 197, 207, 227, 253;  % T=90
    272, 256, 242, 222, 205, 195, 190, 190, 195, 206, 226, 252;  % T=100
    275, 259, 245, 225, 208, 198, 193, 193, 199, 210, 230, 256;  % T=110
    282, 266, 252, 232, 215, 205, 200, 200, 206, 218, 238, 264;  % T=120
    295, 279, 265, 245, 228, 218, 213, 213, 220, 232, 252, 278;  % T=130
    315, 299, 285, 265, 248, 238, 233, 233, 240, 252, 272, 298;  % T=142
];

end
