function mp = motor_params()
% 电机参数定义
% 基于典型永磁同步电机（PMSM），参考丰田 THS-II 驱动电机

mp.P_max      = 60000;     % 最大功率 [W]（60 kW）
mp.T_max      = 207;       % 峰值转矩 [N·m]（低速恒转矩区）
mp.T_cont     = 120;       % 连续转矩 [N·m]
mp.n_base     = 2770;      % 基速（恒功率区起始转速）[rpm]
mp.n_max      = 13500;     % 最高转速 [rpm]
mp.P_regen    = 40000;     % 最大再生制动功率 [W]

% 电机效率 MAP
% 转速节点 [rpm]
mp.eff_n = [0, 500, 1000, 1500, 2000, 2500, 3000, 4000, 5000, 6000, 8000, 10000, 13500];
% 转矩节点 [N·m]（驱动正转矩）
mp.eff_T = [5, 20, 40, 60, 80, 100, 120, 140, 160, 180, 207];
% 效率 MAP [-]，行→转矩，列→转速
mp.eff_map = [
    0.72, 0.82, 0.86, 0.88, 0.89, 0.90, 0.90, 0.90, 0.89, 0.88, 0.86, 0.84, 0.80;  % T=5
    0.76, 0.86, 0.90, 0.92, 0.93, 0.93, 0.93, 0.93, 0.92, 0.91, 0.89, 0.87, 0.83;  % T=20
    0.80, 0.89, 0.92, 0.94, 0.94, 0.95, 0.95, 0.94, 0.93, 0.92, 0.90, 0.88, 0.84;  % T=40
    0.82, 0.91, 0.93, 0.95, 0.95, 0.96, 0.96, 0.95, 0.94, 0.93, 0.91, 0.89, 0.85;  % T=60
    0.83, 0.91, 0.93, 0.95, 0.95, 0.95, 0.95, 0.95, 0.94, 0.93, 0.91, 0.89, 0.84;  % T=80
    0.83, 0.91, 0.93, 0.94, 0.94, 0.95, 0.95, 0.94, 0.93, 0.92, 0.90, 0.88, 0.83;  % T=100
    0.82, 0.90, 0.92, 0.93, 0.93, 0.94, 0.94, 0.93, 0.92, 0.91, 0.89, 0.87, 0.82;  % T=120
    0.81, 0.89, 0.91, 0.92, 0.92, 0.93, 0.93, 0.92, 0.91, 0.90, 0.88, 0.86, 0.80;  % T=140
    0.79, 0.87, 0.89, 0.91, 0.91, 0.92, 0.91, 0.91, 0.90, 0.88, 0.86, 0.84, 0.78;  % T=160
    0.77, 0.85, 0.87, 0.89, 0.89, 0.90, 0.90, 0.89, 0.88, 0.86, 0.84, 0.82, 0.76;  % T=180
    0.74, 0.82, 0.85, 0.87, 0.87, 0.88, 0.88, 0.87, 0.86, 0.84, 0.82, 0.79, 0.73;  % T=207
];

% 再生制动效率（与驱动效率相同，此处简化处理）
mp.regen_eff_map = mp.eff_map;

end
