function mot = motor_params()
% 电机参数定义 - 基于并联HEV驱动电机典型数据
% Motor Parameters - Based on typical parallel HEV traction motor data

%% 基本电机参数
mot.P_max       = 50000;    % 最大功率 [W]（峰值）
mot.P_cont      = 30000;    % 持续功率 [W]
mot.T_max       = 207;      % 最大扭矩 [N·m]（峰值）
mot.speed_base  = 2000;     % 基速（额定转速）[rpm]（低于此转速为恒扭矩区）
mot.speed_max   = 6500;     % 最高转速 [rpm]

%% 电机效率MAP数据
% 转速网格 [rpm]
mot.speed_map  = [0, 500, 1000, 1500, 2000, 2500, 3000, 3500, 4000, 4500, 5000, 5500, 6000, 6500];

% 扭矩网格 [N·m]（包含负值，用于再生制动）
mot.torque_map = [-200, -150, -100, -50, 0, 50, 100, 150, 200, 207];

% 电机效率MAP [-]（行：转速，列：扭矩）
% 效率值范围约0.70~0.96
mot.eff_map = [
    % -200  -150  -100  -50    0   +50  +100  +150  +200  +207 [N·m]
    0.70, 0.72, 0.75, 0.78, 0.00, 0.78, 0.75, 0.72, 0.70, 0.70;  %    0 rpm
    0.72, 0.75, 0.78, 0.82, 0.00, 0.82, 0.78, 0.75, 0.72, 0.72;  %  500 rpm
    0.75, 0.78, 0.82, 0.86, 0.00, 0.86, 0.82, 0.78, 0.75, 0.75;  % 1000 rpm
    0.78, 0.82, 0.86, 0.90, 0.00, 0.90, 0.86, 0.82, 0.78, 0.78;  % 1500 rpm
    0.82, 0.86, 0.90, 0.93, 0.00, 0.93, 0.90, 0.86, 0.82, 0.82;  % 2000 rpm
    0.83, 0.87, 0.91, 0.93, 0.00, 0.93, 0.91, 0.87, 0.83, 0.83;  % 2500 rpm
    0.84, 0.88, 0.92, 0.94, 0.00, 0.94, 0.92, 0.88, 0.84, 0.84;  % 3000 rpm
    0.84, 0.88, 0.92, 0.95, 0.00, 0.95, 0.92, 0.88, 0.84, 0.84;  % 3500 rpm
    0.83, 0.87, 0.91, 0.94, 0.00, 0.94, 0.91, 0.87, 0.83, 0.83;  % 4000 rpm
    0.82, 0.86, 0.90, 0.93, 0.00, 0.93, 0.90, 0.86, 0.82, 0.82;  % 4500 rpm
    0.80, 0.84, 0.88, 0.91, 0.00, 0.91, 0.88, 0.84, 0.80, 0.80;  % 5000 rpm
    0.78, 0.82, 0.86, 0.89, 0.00, 0.89, 0.86, 0.82, 0.78, 0.78;  % 5500 rpm
    0.75, 0.79, 0.83, 0.87, 0.00, 0.87, 0.83, 0.79, 0.75, 0.75;  % 6000 rpm
    0.72, 0.76, 0.80, 0.84, 0.00, 0.84, 0.80, 0.76, 0.72, 0.72;  % 6500 rpm
];

%% 电机功率比例因子（基准值，可在单因素分析中改变）
mot.power_ratio = 1.0;      % 电机参与功率分配的比例因子（0.5~1.5）

%% 再生制动参数
mot.regen_ratio  = 0.50;    % 再生制动利用率（制动力矩中电机可回收的比例）
mot.regen_T_max  = 150;     % 最大再生制动扭矩 [N·m]

%% 电机控制参数
mot.T_min       = -mot.T_max;  % 最小扭矩（制动/发电）[N·m]

end
